1 .004917268
2 .005186976
3 .004809398
4 .005156151
5 .004866482
6 .004984120
7 .005107385
8 .005421801
9 .005179035
10 .005227515
11 .005272678
12 .001636362
13 .001688260
14 .001782779
15 .002319438
16 .003877808
17 .001668169
18 .002197279
19 .005410997
20 .001991891
21 .002186292
22 .002294251
23 .001777734
24 .001930217
25 .001936442
26 .001766448
27 .002047653
28 .001822816
29 .002036834
30 .001997174
31 .001577534
32 .001710700
33 .005141892
34 .005220503
35 .005496136
36 .005476701
37 .005423876
38 .005393440
39 .001897337
40 .005387680
41 .005689206
42 .005660415
43 .005359866
44 .005164217
45 .001655304
46 .001748077
47 .001614952
48 .004925637
49 .005031838
50 .005214850
51 .004996489
52 .005304763
53 .004821678
54 .005252394
55 .005178424
56 .005309463
57 .001683578
58 .001846162
59 .001734806
60 .001653665
61 .005114657
62 .005247006
63 .005089695
64 .005960084
65 .001691495
66 .001933005
67 .001784778
68 .001816881
69 .002046424
70 .001984422
71 .002403725
72 .002056195
73 .001851024
74 .005342670
75 .005681287
76 .005865270
77 .005794109
78 .005533272
79 .005480685
80 .005516613
81 .005806063
82 .005591384
83 .005484183
84 .005297675
85 .005686408
86 .005118177
87 .005253701
88 .005363675
89 .005081492
90 .005661624
91 .005106672
92 .005122449
93 .005333055
94 .005088573
95 .005218754
96 .005162331
97 .005002418
98 .005298384
99 .004925238
100 .005240520
101 .005112625
102 .005223201
103 .005096133
104 .005236266
105 .005051412
106 .001718466
107 .001753311
108 .001713189
109 .001750400
110 .005206239
111 .005209426
112 .005215897
113 .001788882
114 .005429913
115 .005374819
116 .005401701
117 .005250178
118 .005255723
119 .005207115
120 .005165111
121 .002093889
122 .001767226
123 .005066722
124 .005031469
125 .005661110
126 .005125844
127 .005088155
128 .005223933
129 .005279954
130 .005329953
131 .005288190
132 .005478639
133 .005674948
134 .005286977
135 .005425882
136 .005167113
137 .005291726
138 .005430563
139 .005107292
140 .005254398
141 .005298469
142 .005424522
143 .005515481
144 .005260933
145 .005684745
146 .005387014
147 .005302567
148 .005658991
149 .005291440
150 .005305081
151 .005469698
152 .005129448
153 .005412439
154 .005330470
155 .005341660
156 .005788931
157 .005640195
158 .005895504
159 .005576997
160 .005553174
161 .005194812
162 .005455370
163 .005361191
164 .005297723
165 .005446115
166 .005455974
167 .005421285
168 .005447320
169 .005314072
170 .005330276
171 .003776158
172 .005312661
173 .005489814
174 .005581120
175 .005307595
176 .005764717
177 .005301164
178 .005391351
179 .005412988
180 .005506567
181 .005791380
182 .005247498
183 .005397114
184 .005467563
185 .005319239
186 .005411053
187 .005591800
188 .005279629
189 .005384025
190 .005211937
191 .005388246
192 .005367020
193 .005682248
194 .005417555
195 .005527061
196 .005334804
197 .005415775
198 .005505877
199 .005610297
200 .005312339
201 .005554939
202 .005385884
203 .005305629
204 .005440762
205 .005246602
206 .005621615
207 .005379993
208 .005181542
209 .005879120
210 .005230143
211 .005188843
212 .005257458
213 .005238996
214 .005878034
215 .005779712
216 .005550064
217 .005329892
218 .005492829
219 .005392253
220 .005350678
221 .005363426
222 .005487741
223 .005015954
224 .005402396
225 .005399242
226 .005485457
227 .005754789
228 .005432505
229 .005876165
230 .005253130
231 .005809849
232 .005332253
233 .005906211
234 .005769952
235 .005974923
236 .005478088
237 .005353609
238 .005652480
239 .005583789
240 .005720309
241 .005774139
242 .005647106
243 .005300803
244 .005453520
245 .005374762
246 .005458140
247 .005561035
248 .005452693
249 .006376135
250 .005479430
251 .005457340
252 .005551476
253 .005479969
254 .005612150
255 .005387119
256 .005383914
257 .005497755
258 .005371345
259 .005596508
260 .005277866
261 .005755363
262 .005538983
263 .005555777
264 .005767595
265 .006110472
266 .005456003
267 .005591005
268 .005604086
269 .005614705
270 .005484278
271 .005570468
272 .005890966
273 .005571295
274 .005417855
275 .005471383
276 .005526090
277 .005450821
278 .005501537
279 .005382397
280 .005358134
281 .005422432
282 .005599732
283 .005306394
284 .005797340
285 .005475590
286 .005544648
287 .005562304
288 .005569364
289 .005559926
290 .005416137
291 .005388345
292 .005576562
293 .005253175
294 .005928738
295 .005511936
296 .005562811
297 .005625811
298 .005487705
299 .005314566
300 .005342019
301 .005546988
302 .005839965
303 .005257517
304 .005611009
305 .005234000
306 .005653971
307 .005751585
308 .005354792
309 .005519759
310 .005186323
311 .005256669
312 .002030513
313 .001852321
314 .001962781
315 .002283179
316 .003271982
317 .006136670
318 .005450527
319 .005607714
320 .005675111
321 .005802644
322 .005691515
323 .005646020
324 .005841335
325 .005896783
326 .005661861
327 .005645207
328 .005568278
329 .005925441
330 .006106019
331 .006014978
332 .006024137
333 .005463660
334 .005534983
335 .005777037
336 .005803735
337 .005585763
338 .005985414
339 .006025717
340 .006133226
341 .005380415
342 .005658249
343 .005613366
344 .005810382
345 .005643634
346 .005432683
347 .005656536
348 .005525594
349 .005637762
350 .005789324
351 .005988611
352 .005468064
353 .005561510
354 .005796946
355 .005860942
356 .005495298
357 .006060272
358 .005449569
359 .005744435
360 .005986657
361 .005578209
362 .005638746
363 .005551070
364 .001699866
365 .005548195
366 .005833711
367 .005670005
368 .005682398
369 .005656888
370 .005955508
371 .005567720
372 .005629862
373 .005747917
374 .005790197
375 .005681890
376 .005633399
377 .005880742
378 .006123491
379 .005702430
380 .005644286
381 .005630862
382 .005482849
383 .005754443
384 .005637478
385 .005610580
386 .005721537
387 .005329288
388 .005891392
389 .005634197
390 .005535742
391 .005795253
392 .005606267
393 .005953257
394 .005589103
395 .005757881
396 .005677918
397 .005581133
398 .005751978
399 .005759752
400 .005439320
401 .005923910
402 .005830701
403 .005578525
404 .005373548
405 .005587820
406 .005807385
407 .005706522
408 .005942170
409 .005769689
410 .005897784
411 .005878268
412 .005526242
413 .005823403
414 .005497595
415 .005814362
416 .005743103
417 .005976302
418 .006021966
419 .005607249
420 .005864353
421 .005859052
422 .005974649
423 .001892329
424 .005884195
425 .006230913
426 .005746240
427 .005537942
428 .005872554
429 .005910819
430 .005740074
431 .005636882
432 .005692283
433 .005512771
434 .006106280
435 .005718932
436 .005999434
437 .005729355
438 .005738989
439 .005655384
440 .005693935
441 .005795143
442 .005629232
443 .005671315
444 .005624611
445 .005569110
446 .005871028
447 .005784293
448 .005713055
449 .005651800
450 .005794055
451 .005729277
452 .005698369
453 .005816346
454 .005658970
455 .005617659
456 .005896641
457 .005702412
458 .005732622
459 .005815116
460 .005621723
461 .005975100
462 .005691107
463 .005630492
464 .005591272
465 .005655557
466 .005991620
467 .005677913
468 .005752571
469 .005710391
470 .005896602
471 .005767724
472 .005500457
473 .005896583
474 .005738523
475 .005699040
476 .006054648
477 .005733275
478 .005512096
479 .005741621
480 .005725671
481 .005845663
482 .005885902
483 .005885461
484 .005646024
485 .005768940
486 .005984100
487 .005692051
488 .005866750
489 .005868372
490 .005879775
491 .005765510
492 .005841670
493 .005844233
494 .005802985
495 .005727579
496 .005875492
497 .005870303
498 .005824467
499 .005779708
500 .005941181
501 .005958593
502 .005720949
503 .005901215
504 .005845073
505 .006024786
506 .005743678
507 .005849985
508 .005820312
509 .005770629
510 .005879038
511 .005899339
512 .005820928
513 .005949694
514 .006137720
515 .005848283
516 .005722186
517 .005789951
518 .006001560
519 .005699011
520 .005851950
521 .005949272
522 .005927379
523 .005855938
524 .005706785
525 .006291373
526 .006248512
527 .005875149
528 .005833222
529 .005906278
530 .005767213
531 .005814149
532 .005803288
533 .005785877
534 .005881819
535 .005754540
536 .006150455
537 .005722085
538 .005703865
539 .005831627
540 .005940142
541 .006081463
542 .005710121
543 .005611112
544 .005720012
545 .005607892
546 .006035556
547 .006327187
548 .005835836
549 .005821264
550 .005994153
551 .006003994
552 .005869099
553 .006060636
554 .005898423
555 .005827468
556 .006001891
557 .005773463
558 .006313277
559 .005925696
560 .005873272
561 .006095443
562 .005871669
563 .006041793
564 .005527413
565 .005911719
566 .005980472
567 .006017690
568 .006028969
569 .006157975
570 .005860920
571 .006140341
572 .005760100
573 .005879622
574 .005739200
575 .005960552
576 .005842315
577 .006083577
578 .006228952
579 .005680614
580 .006051393
581 .005902272
582 .006003228
583 .006344506
584 .005868787
585 .006067784
586 .005914522
587 .006060430
588 .006130755
589 .005845715
590 .006054961
591 .006220653
592 .006076708
593 .006023223
594 .005756450
595 .005967266
596 .005871614
597 .005783228
598 .006301051
599 .005925594
600 .005946860
601 .006073489
602 .005852310
603 .006096578
604 .005872404
605 .006207432
606 .006078776
607 .005822640
608 .006016032
609 .005715307
610 .006023511
611 .005854910
612 .005972699
613 .006016227
614 .006344680
615 .005996981
616 .006040320
617 .005956906
618 .006425382
619 .005833615
620 .006170271
621 .005862427
622 .005994356
623 .006105988
624 .005967349
625 .005889672
626 .005971354
627 .005839323
628 .006079195
629 .005785140
630 .006275996
631 .005988193
632 .005869858
633 .006004189
634 .006656461
635 .006468459
636 .006037626
637 .005879621
638 .006030340
639 .006242047
640 .006049540
641 .006213003
642 .005998338
643 .006339859
644 .005999360
645 .006047570
646 .006167253
647 .005955768
648 .006139215
649 .006048068
650 .006305198
651 .005925593
652 .006083755
653 .006059229
654 .005800912
655 .006046379
656 .006030101
657 .005979575
658 .006389581
659 .006292370
660 .006238900
661 .006041807
662 .006063241
663 .006301818
664 .005934919
665 .006129276
666 .006356239
667 .006003811
668 .006180050
669 .005877876
670 .006048310
671 .005868969
672 .006128237
673 .006041951
674 .005980133
675 .006009645
676 .005895718
677 .005935205
678 .006060336
679 .005948641
680 .005979447
681 .006194123
682 .005965291
683 .006612992
684 .006072778
685 .005640189
686 .005577222
687 .005496963
688 .005771881
689 .005772239
690 .006083540
691 .006178748
692 .005869230
693 .001963074
694 .005860865
695 .006328114
696 .006044388
697 .006255313
698 .006261929
699 .005917948
700 .006026867
701 .006375053
702 .005943481
703 .006619360
704 .006265097
705 .005966365
706 .006169795
707 .006756759
708 .006359661
709 .006788775
710 .006616539
711 .002075910
712 .006249594
713 .006422695
714 .006571051
715 .006812130
716 .006297964
717 .006654391
718 .006579537
719 .002012861
720 .006238442
721 .006502262
722 .006530663
723 .006701508
724 .006497366
725 .006182269
726 .006377913
727 .006554480
728 .006701061
729 .006187793
730 .006508650
731 .006355048
732 .006792380
733 .006697867
734 .006652511
735 .006561086
736 .006096598
737 .006426281
738 .006942541
739 .006408294
740 .006941972
741 .006208251
742 .006475160
743 .006753747
744 .006879886
745 .006685250
746 .006637532
747 .006465131
748 .006497663
749 .006643913
750 .006612503
751 .006363398
752 .006391387
753 .006252040
754 .006060536
755 .006080784
756 .006334000
757 .006246705
758 .006169075
759 .006371478
760 .006385322
761 .006558624
762 .006837263
763 .006235594
764 .006579802
765 .006688538
766 .006517004
767 .006488358
768 .006875844
769 .006325202
770 .006437943
771 .006036401
772 .006295276
773 .006269924
774 .006179837
775 .006250056
776 .005982395
777 .006279520
778 .006087467
779 .006195602
780 .006556720
781 .006313825
782 .006526662
783 .006158308
784 .006203800
785 .006485507
786 .006124464
787 .006270710
788 .006455537
789 .006204027
790 .006345521
791 .006000298
792 .006397352
793 .006349199
794 .006224187
795 .006246878
796 .006248188
797 .006352840
798 .005859733
799 .006177405
800 .006615243
801 .006032364
802 .006599487
803 .006235139
804 .006230502
805 .006237144
806 .006030551
807 .006424372
808 .006355936
809 .005883089
810 .006263882
811 .005915243
812 .006512946
813 .006281480
814 .006226111
815 .006387293
816 .006158765
817 .006663783
818 .006249276
819 .006087569
820 .006402838
821 .006256340
822 .006290887
823 .006196049
824 .006356524
825 .006657248
826 .006182152
827 .006290354
828 .006319700
829 .005945103
830 .006493873
831 .006069479
832 .006183514
833 .005925456
834 .006343781
835 .006608450
836 .006238467
837 .006242564
838 .006326045
839 .006158546
840 .006508774
841 .006163510
842 .006281374
843 .006482873
844 .006304146
845 .006723729
846 .006304845
847 .006631597
848 .006419580
849 .006259058
850 .006412229
851 .006205423
852 .006264595
853 .006417793
854 .008118966
855 .006611652
856 .002015108
857 .006120281
858 .006451444
859 .005939101
860 .006136680
861 .006580034
862 .006347321
863 .006559231
864 .006362213
865 .006606770
866 .006593257
867 .006330294
868 .006680324
869 .006304344
870 .006305880
871 .006459004
872 .006169125
873 .006399331
874 .006488657
875 .006490795
876 .006678849
877 .006534185
878 .006834962
879 .006317895
880 .006283415
881 .006731254
882 .006231450
883 .006568018
884 .006438651
885 .006457138
886 .006821321
887 .006893930
888 .006651418
889 .006443671
890 .006485727
891 .006147455
892 .006241856
893 .006431657
894 .006285008
895 .006326476
896 .006752170
897 .006110973
898 .006513768
899 .006436152
900 .006366837
901 .006234849
902 .006299289
903 .006727908
904 .006328837
905 .006285537
906 .006542585
907 .006246699
908 .006375628
909 .006447588
910 .006201303
911 .006179763
912 .006320293
913 .006570219
914 .006202053
915 .006326004
916 .006706967
917 .006394476
918 .006176843
919 .006595358
920 .006568541
921 .006436811
922 .006281879
923 .006786060
924 .006175973
925 .006475812
926 .006749619
927 .006428723
928 .006535057
929 .006268575
930 .006362747
931 .006859820
932 .006574725
933 .006409195
934 .006378049
935 .006441271
936 .006324023
937 .006254199
938 .006912845
939 .006344477
940 .006270621
941 .006453720
942 .006338889
943 .006437928
944 .006348375
945 .006491001
946 .006654688
947 .006550026
948 .006518326
949 .006635352
950 .006550700
951 .006664163
952 .006950196
953 .006495886
954 .006541832
955 .006385545
956 .006618965
957 .006315475
958 .006600545
959 .006279851
960 .006703137
961 .006470738
962 .006563412
963 .006489318
964 .006543395
965 .006842659
966 .006560916
967 .006754159
968 .006288799
969 .006335803
970 .006599688
971 .006330296
972 .006417304
973 .007182743
974 .006826812
975 .006443076
976 .006448731
977 .006799848
978 .006387993
979 .006583123
980 .006740511
981 .006958879
982 .006561402
983 .006294457
984 .006921146
985 .006535417
986 .006879028
987 .006134490
988 .006653485
989 .006477914
990 .006439124
991 .006757836
992 .006291805
993 .006691908
994 .006439343
995 .006415526
996 .006340880
997 .006413324
998 .006441173
999 .006528416
1000 .006529493
