1 .005165791
2 .005286520
3 .004808476
4 .005304697
5 .005289809
6 .004954027
7 .005203774
8 .005685117
9 .005250054
10 .005735261
11 .005497097
12 .001801698
13 .002150397
14 .001990820
15 .002050833
16 .004046858
17 .001925753
18 .001834374
19 .005560515
20 .001780446
21 .001989805
22 .002063686
23 .001962481
24 .002133792
25 .001922717
26 .001827714
27 .002148521
28 .001870034
29 .002073876
30 .001852829
31 .002168886
32 .002104247
33 .005404456
34 .005382835
35 .005507305
36 .005708316
37 .005249247
38 .005508797
39 .001925963
40 .005713696
41 .005524106
42 .005238468
43 .005759164
44 .005472035
45 .001925688
46 .001768827
47 .001629585
48 .004977265
49 .005282562
50 .005064848
51 .005190983
52 .005137765
53 .005131286
54 .005132299
55 .005211862
56 .005587308
57 .002014233
58 .001839878
59 .001646099
60 .001575229
61 .004931523
62 .005215826
63 .005285413
64 .005390953
65 .002154180
66 .001943241
67 .002039749
68 .002007180
69 .002148082
70 .002203640
71 .002687546
72 .002626865
73 .002172811
74 .005546282
75 .006101096
76 .005723518
77 .005944353
78 .005905867
79 .005996687
80 .005826205
81 .005677350
82 .005648994
83 .005767128
84 .005685427
85 .005600351
86 .005222430
87 .005371329
88 .005374774
89 .005253102
90 .005597353
91 .005571916
92 .005457463
93 .005539052
94 .005439790
95 .005411485
96 .005247096
97 .005314044
98 .005347285
99 .005120454
100 .005332891
101 .005506540
102 .005096821
103 .005550830
104 .005359432
105 .005408344
106 .003100407
107 .001848795
108 .001733110
109 .001712606
110 .005011842
111 .005315673
112 .004928207
113 .002087145
114 .005338110
115 .005367625
116 .005332107
117 .005320255
118 .005178968
119 .005498738
120 .005204616
121 .005544483
122 .001818798
123 .005083728
124 .005021890
125 .005532317
126 .005118474
127 .005378258
128 .005130897
129 .005021998
130 .005264403
131 .005193634
132 .005432396
133 .005614338
134 .005261391
135 .005533192
136 .005281584
137 .005351768
138 .005426124
139 .005225169
140 .005210432
141 .005141104
142 .005213092
143 .005463656
144 .005119760
145 .005502430
146 .005160248
147 .005383580
148 .005366221
149 .005313504
150 .005566929
151 .005639436
152 .005080035
153 .005695078
154 .005401241
155 .005492531
156 .005693407
157 .005824668
158 .006225954
159 .005605198
160 .005586238
161 .005398550
162 .005408275
163 .005293865
164 .005237686
165 .005383975
166 .005747277
167 .005278413
168 .005487006
169 .005343644
170 .005545485
171 .001929760
172 .005211047
173 .005711093
174 .005417113
175 .005391744
176 .005724025
177 .005320812
178 .005613942
179 .005558314
180 .005698081
181 .005414340
182 .005338891
183 .005419631
184 .005100393
185 .005262088
186 .005718650
187 .005716398
188 .005294230
189 .005409586
190 .005451557
191 .005400950
192 .005550405
193 .005316216
194 .005383283
195 .005226134
196 .005630966
197 .005827607
198 .005261068
199 .005960301
200 .005317215
201 .005457460
202 .005523913
203 .005093668
204 .005635657
205 .005382949
206 .005725375
207 .005624785
208 .005123854
209 .005707732
210 .005244851
211 .005486973
212 .005537548
213 .005201224
214 .005562167
215 .005699473
216 .005666386
217 .005459164
218 .005385209
219 .005908767
220 .005291066
221 .005493424
222 .005762822
223 .005342823
224 .005756841
225 .005493888
226 .005532728
227 .005700280
228 .005446831
229 .005801126
230 .005329039
231 .005805210
232 .005767433
233 .006144580
234 .005863291
235 .005713337
236 .005547475
237 .005450678
238 .005671924
239 .005496886
240 .005836369
241 .005698386
242 .005664335
243 .005419818
244 .005670127
245 .005580757
246 .005420276
247 .005740508
248 .005584120
249 .005839091
250 .005868183
251 .005873186
252 .005608604
253 .005570534
254 .005458850
255 .005659401
256 .005716626
257 .005697631
258 .005683331
259 .005895264
260 .005573888
261 .005734498
262 .005558003
263 .005436702
264 .005990064
265 .005502050
266 .005369476
267 .005762133
268 .005412166
269 .005652052
270 .005467721
271 .005850697
272 .005781072
273 .005641363
274 .005851825
275 .005384097
276 .005702537
277 .005607731
278 .005589427
279 .005551040
280 .005623704
281 .005837132
282 .006065024
283 .005555935
284 .005993550
285 .005621460
286 .005451385
287 .005973522
288 .005445213
289 .005824553
290 .005486999
291 .005574436
292 .005819996
293 .005399120
294 .006374747
295 .005625742
296 .005700420
297 .005504575
298 .005631645
299 .005711582
300 .005550547
301 .005494226
302 .005880373
303 .005420618
304 .005799506
305 .005628597
306 .005360785
307 .006227218
308 .005587302
309 .005935047
310 .005405922
311 .005341315
312 .002009019
313 .001894114
314 .001829102
315 .001641434
316 .001769126
317 .005792551
318 .005499922
319 .005726592
320 .005526238
321 .005830689
322 .006062875
323 .005959410
324 .005714204
325 .006125757
326 .005455268
327 .005803078
328 .005874811
329 .006031445
330 .006260401
331 .005870793
332 .005927957
333 .005803374
334 .005592889
335 .005965580
336 .005756725
337 .006138167
338 .006021289
339 .006166148
340 .006189741
341 .005494901
342 .005543334
343 .005642850
344 .005926393
345 .005699416
346 .005500405
347 .005669358
348 .005828931
349 .005504816
350 .005682148
351 .005634178
352 .005631056
353 .005542599
354 .005479511
355 .006130124
356 .005587194
357 .005851200
358 .005744026
359 .005434062
360 .005897886
361 .005737698
362 .005532538
363 .005712407
364 .001720304
365 .003813187
366 .006221409
367 .005746778
368 .005680390
369 .005799361
370 .005686062
371 .005989299
372 .005612183
373 .006048201
374 .005500890
375 .005656333
376 .006010220
377 .005809714
378 .006007533
379 .005530079
380 .005757147
381 .005668901
382 .005438734
383 .006144818
384 .005647231
385 .005616728
386 .005800771
387 .005599194
388 .005890114
389 .005662706
390 .005556259
391 .005674552
392 .005877675
393 .006013482
394 .005614169
395 .005765190
396 .005794727
397 .005550504
398 .006072686
399 .005608955
400 .005726958
401 .006176958
402 .005567404
403 .005410487
404 .005591432
405 .005613614
406 .005894455
407 .005559514
408 .006156984
409 .005726943
410 .005786020
411 .005850836
412 .005842994
413 .006425841
414 .005548287
415 .005949170
416 .005845941
417 .005615907
418 .006226281
419 .005575021
420 .005929013
421 .006073783
422 .005487193
423 .001913585
424 .006008152
425 .005862908
426 .006362272
427 .005755909
428 .006186310
429 .005878749
430 .005763656
431 .005644037
432 .005594301
433 .005816702
434 .006449703
435 .006030096
436 .005845507
437 .005761740
438 .005856978
439 .005625067
440 .005709098
441 .006116325
442 .005936983
443 .005442675
444 .005526915
445 .005500031
446 .006028803
447 .005767317
448 .006175942
449 .005954065
450 .005521922
451 .006119041
452 .005367297
453 .005779402
454 .005768347
455 .005701220
456 .006086188
457 .005607019
458 .005884448
459 .006316380
460 .005561019
461 .005989712
462 .005611926
463 .005642207
464 .005654354
465 .005614305
466 .006009393
467 .005708763
468 .005663761
469 .005984959
470 .006046755
471 .005915046
472 .005539895
473 .005583547
474 .005776145
475 .005829614
476 .005970070
477 .005612659
478 .005489670
479 .005949369
480 .005758636
481 .006057756
482 .005742915
483 .005748668
484 .005872696
485 .005800542
486 .006294455
487 .005864955
488 .005910734
489 .006023902
490 .006068750
491 .006068199
492 .005565937
493 .005874052
494 .005744008
495 .005828529
496 .006075926
497 .005790324
498 .005863654
499 .005887606
500 .006049874
501 .006003021
502 .005697842
503 .005946751
504 .005924347
505 .006241186
506 .006114144
507 .005808171
508 .005761140
509 .005968689
510 .006108907
511 .006095634
512 .005825679
513 .005994125
514 .006041382
515 .006003479
516 .005909448
517 .005782638
518 .006467314
519 .005854880
520 .005822891
521 .006045186
522 .005699731
523 .005929515
524 .005559774
525 .006277473
526 .005870500
527 .005718629
528 .005990365
529 .005889656
530 .005609304
531 .006219439
532 .005823018
533 .005881642
534 .005776647
535 .005888453
536 .006143747
537 .005834377
538 .005724380
539 .006001899
540 .005699273
541 .006296389
542 .005765956
543 .005833424
544 .005784297
545 .005712576
546 .006009546
547 .006138603
548 .005970304
549 .005834644
550 .005852297
551 .005931352
552 .005774436
553 .005712858
554 .005852536
555 .005880078
556 .006169693
557 .005858453
558 .006108696
559 .006268399
560 .005686585
561 .006275678
562 .005866031
563 .006002978
564 .005859836
565 .005776422
566 .006147867
567 .005615396
568 .005990874
569 .006221239
570 .005710314
571 .006127509
572 .005712649
573 .006184933
574 .005751225
575 .006055078
576 .006429009
577 .005944640
578 .006278678
579 .005932458
580 .005991042
581 .005944978
582 .005831699
583 .006325080
584 .005740949
585 .006006124
586 .005908462
587 .006206071
588 .006347863
589 .005697235
590 .005860279
591 .005896498
592 .005930065
593 .003349949
594 .005655437
595 .005986117
596 .006045210
597 .006063298
598 .006379704
599 .005785330
600 .005946703
601 .006086476
602 .006191718
603 .006485190
604 .005811133
605 .006169946
606 .005982512
607 .005765692
608 .006316111
609 .005811743
610 .005874486
611 .006041291
612 .006139123
613 .005584356
614 .005963844
615 .006023516
616 .006252130
617 .005801371
618 .006275168
619 .005725867
620 .006172694
621 .005970190
622 .005978360
623 .006298968
624 .005905535
625 .006087225
626 .005994966
627 .005893559
628 .006291112
629 .006024173
630 .005970625
631 .006180563
632 .005899540
633 .006358152
634 .006601562
635 .006477620
636 .006219545
637 .005684889
638 .006288126
639 .006146976
640 .005994151
641 .006030858
642 .006029576
643 .006697188
644 .005877876
645 .006062050
646 .005991598
647 .005986228
648 .006439378
649 .006002785
650 .006267314
651 .005968195
652 .006038095
653 .006275048
654 .005893524
655 .006008229
656 .006209902
657 .005938518
658 .006300768
659 .006013456
660 .005858693
661 .006060087
662 .005930396
663 .006242796
664 .005920363
665 .005944245
666 .006286250
667 .005978419
668 .006597148
669 .005800982
670 .005949412
671 .005988686
672 .006018241
673 .006216489
674 .005808265
675 .006022150
676 .006107731
677 .006105967
678 .006229921
679 .005916987
680 .006022682
681 .006190001
682 .005909895
683 .006557914
684 .006013781
685 .005748582
686 .005859068
687 .005535017
688 .005933296
689 .006048779
690 .006060263
691 .006293965
692 .005989682
693 .002192087
694 .005423014
695 .005982665
696 .006225193
697 .006097714
698 .006104203
699 .005929407
700 .005881544
701 .006058947
702 .006028718
703 .006174946
704 .006223386
705 .005832855
706 .006186793
707 .006390731
708 .006727412
709 .006493705
710 .006407744
711 .005340722
712 .006191563
713 .006473501
714 .006414470
715 .006381136
716 .006979157
717 .006478317
718 .006400992
719 .002211739
720 .006258126
721 .006791706
722 .006342250
723 .006647984
724 .006530140
725 .006401054
726 .006295509
727 .006249088
728 .006747102
729 .006676495
730 .006460245
731 .006506929
732 .006562262
733 .006790906
734 .006785955
735 .006634942
736 .006591707
737 .006436006
738 .006337716
739 .006403414
740 .006698120
741 .006878186
742 .006807805
743 .007051711
744 .006542594
745 .007076822
746 .006868526
747 .006643611
748 .006743113
749 .006312657
750 .006459894
751 .006349868
752 .006438006
753 .006314681
754 .006067678
755 .006249506
756 .006643035
757 .006765366
758 .006389326
759 .006265224
760 .006377477
761 .006582293
762 .006665197
763 .006527092
764 .006713397
765 .006521614
766 .006679566
767 .006633263
768 .006696340
769 .006557480
770 .006705259
771 .006104682
772 .006506897
773 .006245322
774 .006305724
775 .006427104
776 .006229211
777 .006148941
778 .006363509
779 .006150167
780 .006910573
781 .006035889
782 .006228913
783 .005810986
784 .005985996
785 .006383321
786 .006194876
787 .006088972
788 .006203072
789 .006024292
790 .006823084
791 .005873522
792 .006728546
793 .006303321
794 .006360142
795 .006177490
796 .006214343
797 .006172539
798 .006013730
799 .006135912
800 .006680589
801 .006298087
802 .006505405
803 .006074159
804 .006272778
805 .006414918
806 .006069581
807 .006135677
808 .006397200
809 .006001659
810 .006824053
811 .006204026
812 .006314762
813 .006174026
814 .006151666
815 .006522490
816 .006133492
817 .006262349
818 .006209044
819 .006131758
820 .006717788
821 .006115676
822 .006288058
823 .006228134
824 .006082270
825 .006541384
826 .006151893
827 .006419201
828 .006262370
829 .005804854
830 .006637383
831 .006016610
832 .006183767
833 .006211481
834 .006241715
835 .006393174
836 .006377525
837 .006274286
838 .006337580
839 .006166204
840 .006732684
841 .006191285
842 .006420855
843 .006320816
844 .006254979
845 .006562631
846 .006101643
847 .006376412
848 .006291626
849 .006222532
850 .006887318
851 .006026697
852 .006463484
853 .006290802
854 .006618875
855 .006661820
856 .001984338
857 .002023269
858 .006732396
859 .006002453
860 .006334478
861 .006829277
862 .006375748
863 .006600398
864 .006668615
865 .006131131
866 .006877954
867 .006226858
868 .006764635
869 .006218924
870 .006174308
871 .006754873
872 .006166530
873 .006357947
874 .006254662
875 .006290427
876 .006969232
877 .006356266
878 .006227666
879 .006182403
880 .006218916
881 .006609459
882 .006437416
883 .006231023
884 .006033735
885 .006139632
886 .006766263
887 .006923629
888 .006760095
889 .006266523
890 .006204958
891 .006326715
892 .006290898
893 .006368254
894 .006249636
895 .006412375
896 .006774097
897 .006197304
898 .006563440
899 .006600862
900 .006184006
901 .006826887
902 .006294795
903 .006664923
904 .006431047
905 .006024379
906 .006610861
907 .006206003
908 .006338419
909 .006081720
910 .006232335
911 .006448814
912 .006437489
913 .006446852
914 .006289397
915 .006388112
916 .006712239
917 .006403840
918 .006600699
919 .006230906
920 .006802212
921 .006700618
922 .006208086
923 .006630816
924 .006186446
925 .006048114
926 .006438347
927 .006261479
928 .006453219
929 .006431177
930 .006252997
931 .006920247
932 .006405068
933 .006423172
934 .006434053
935 .006411418
936 .006661617
937 .006657513
938 .006552235
939 .006428353
940 .006426809
941 .006654538
942 .006313506
943 .006255537
944 .006453279
945 .006678467
946 .006701079
947 .006609377
948 .006788254
949 .006409164
950 .006510717
951 .006797409
952 .006230833
953 .006674071
954 .006352438
955 .006526115
956 .006624706
957 .006119075
958 .006649555
959 .006350141
960 .006611097
961 .006428385
962 .006376828
963 .006580551
964 .006421295
965 .006303667
966 .006465537
967 .006428271
968 .006480952
969 .006342990
970 .006481645
971 .006387385
972 .006391789
973 .006999429
974 .006821752
975 .006821192
976 .006537543
977 .006883513
978 .006520068
979 .006684701
980 .006516742
981 .006390279
982 .006852123
983 .006139288
984 .006448414
985 .006471003
986 .006759213
987 .006446317
988 .006716764
989 .006318940
990 .006413744
991 .006852538
992 .006334682
993 .006613522
994 .006321839
995 .006291877
996 .006864901
997 .006384380
998 .006672402
999 .006394006
1000 .006232918
