10000 1000 .039408537
10000 1020 .038798857
10000 1040 .039045974
10000 1060 .038689311
10000 1080 .037777065
10000 1100 .039837312
10000 1120 .038937240
10000 1140 .038609017
10000 1160 .039590421
10000 1180 .039043128
10000 1200 .041077942
10000 1220 .042790916
10000 1240 .041058466
10000 1260 .039751924
10000 1280 .038859404
10000 1300 .038076706
10000 1320 .038333096
10000 1340 .039780035
10000 1360 .039365679
10000 1380 .043351903
10000 1400 .046548660
10000 1420 .042108381
10000 1440 .039022187
10000 1460 .039109570
10000 1480 .040560418
10000 1500 .039756558
10000 1520 .040471050
10000 1540 .039365562
10000 1560 .041291732
10000 1580 .044618482
10000 1600 .044159417
10000 1620 .044552442
10000 1640 .043798037
10000 1660 .047190653
10000 1680 .046175022
10000 1700 .044722499
10000 1720 .041539440
10000 1740 .044708730
10000 1760 .045489216
10000 1780 .045323314
10000 1800 .044441684
10000 1820 .040112438
10000 1840 .039706132
10000 1860 .040607932
10000 1880 .039066573
10000 1900 .039397223
10000 1920 .039725803
10000 1940 .040101283
10000 1960 .040680014
10000 1980 .038724873
10000 2000 .039895606
10000 2020 .039627690
10000 2040 .040141312
10000 2060 .040201173
10000 2080 .040726321
10000 2100 .040512762
10000 2120 .040323228
10000 2140 .042188475
10000 2160 .040338228
10000 2180 .040613036
10000 2200 .039824302
10000 2220 .040133322
10000 2240 .039286459
10000 2260 .039750409
10000 2280 .041221758
10000 2300 .040207588
10000 2320 .039640079
10000 2340 .040815529
10000 2360 .039691577
10000 2380 .039960018
10000 2400 .040583533
10000 2420 .040630842
10000 2440 .039554408
10000 2460 .040016545
10000 2480 .040482865
10000 2500 .041489146
10000 2520 .039515433
10000 2540 .039717211
10000 2560 .039688647
10000 2580 .040566127
10000 2600 .040193949
10000 2620 .039559236
10000 2640 .039106447
10000 2660 .039494192
10000 2680 .039964702
10000 2700 .040719266
10000 2720 .040775859
10000 2740 .042566786
10000 2760 .041178497
10000 2780 .040411141
10000 2800 .054769005
10000 2820 .049188432
10000 2840 .042875516
10000 2860 .042088871
10000 2880 .042804306
10000 2900 .040072275
10000 2920 .040925940
10000 2940 .040412613
10000 2960 .040047942
10000 2980 .040565332
10000 3000 .040733151
10000 3020 .041023827
10000 3040 .041417890
10000 3060 .044422452
10000 3080 .048021455
10000 3100 .044776786
10000 3120 .041228496
10000 3140 .041326054
10000 3160 .040540919
10000 3180 .041292794
10000 3200 .041507440
10000 3220 .043971362
10000 3240 .048649994
10000 3260 .047878214
10000 3280 .047774333
10000 3300 .047659760
10000 3320 .044912193
10000 3340 .048621999
10000 3360 .050473157
10000 3380 .047659102
10000 3400 .046969710
10000 3420 .045784932
10000 3440 .053000574
10000 3460 .042613411
10000 3480 .041436002
10000 3500 .039514747
10000 3520 .040125757
10000 3540 .040904895
10000 3560 .041324709
10000 3580 .042600299
10000 3600 .040708788
10000 3620 .040684721
10000 3640 .042367467
10000 3660 .042649548
10000 3680 .041712884
10000 3700 .040902243
10000 3720 .040789819
10000 3740 .042158014
10000 3760 .041563994
10000 3780 .041373965
10000 3800 .040391039
10000 3820 .042120610
10000 3840 .043548099
10000 3860 .041359895
10000 3880 .041166787
10000 3900 .040273913
10000 3920 .041924604
10000 3940 .042016995
10000 3960 .041129603
10000 3980 .043344052
10000 4000 .042802242
10000 4020 .041801457
10000 4040 .042235047
10000 4060 .041263646
10000 4080 .042326371
10000 4100 .043469040
10000 4120 .043322024
10000 4140 .041845294
10000 4160 .043013054
10000 4180 .041345159
10000 4200 .043632260
10000 4220 .043068195
10000 4240 .041896661
10000 4260 .041648084
10000 4280 .043804123
10000 4300 .046340085
10000 4320 .041679977
10000 4340 .042345074
10000 4360 .041645699
10000 4380 .043502755
10000 4400 .042673039
10000 4420 .040439006
10000 4440 .042157599
10000 4460 .042212143
10000 4480 .042447972
10000 4500 .044830575
10000 4520 .043224464
10000 4540 .045711463
10000 4560 .044312529
10000 4580 .043286592
10000 4600 .043928832
10000 4620 .043819068
10000 4640 .042135895
10000 4660 .043915217
10000 4680 .042036831
10000 4700 .043014017
10000 4720 .043284159
10000 4740 .044200743
10000 4760 .043736858
10000 4780 .044368234
10000 4800 .043163638
10000 4820 .041968032
10000 4840 .043360038
10000 4860 .043320705
10000 4880 .043644473
10000 4900 .045055135
10000 4920 .043738887
10000 4940 .043438577
10000 4960 .042208672
10000 4980 .042195867
10000 5000 .046630247
10000 5020 .044322852
10000 5040 .044116772
10000 5060 .049385121
10000 5080 .052545043
10000 5100 .047661094
10000 5120 .044687927
10000 5140 .043612000
10000 5160 .045597241
10000 5180 .042491531
10000 5200 .043387350
10000 5220 .041684677
10000 5240 .043831867
10000 5260 .043931006
10000 5280 .043910799
10000 5300 .048821071
10000 5320 .049105333
10000 5340 .050102707
10000 5360 .043296647
10000 5380 .043565226
10000 5400 .042876374
10000 5420 .040754666
10000 5440 .042088922
10000 5460 .041475443
10000 5480 .042803519
10000 5500 .043439596
10000 5520 .043927107
10000 5540 .044486993
10000 5560 .044088764
10000 5580 .043539237
10000 5600 .043413146
10000 5620 .045923533
10000 5640 .045204844
10000 5660 .052396862
10000 5680 .046437749
10000 5700 .043677327
10000 5720 .044083654
10000 5740 .045046156
10000 5760 .042547932
10000 5780 .043563696
10000 5800 .042546694
10000 5820 .043714740
10000 5840 .042843411
10000 5860 .042843941
10000 5880 .041208929
10000 5900 .042486911
10000 5920 .043481994
10000 5940 .048628993
10000 5960 .045067626
10000 5980 .046166910
10000 6000 .049441558
10000 6020 .052973387
10000 6040 .050890709
10000 6060 .055253109
10000 6080 .049264845
10000 6100 .058626398
10000 6120 .054234727
10000 6140 .050474189
10000 6160 .053837967
10000 6180 .060575142
10000 6200 .058767007
10000 6220 .044758710
10000 6240 .046254675
10000 6260 .043965797
10000 6280 .043541002
10000 6300 .048876035
10000 6320 .054393167
10000 6340 .053982001
10000 6360 .052114347
10000 6380 .051946742
10000 6400 .053655158
10000 6420 .058479786
10000 6440 .054372144
10000 6460 .053195129
10000 6480 .053501507
10000 6500 .052898455
10000 6520 .055898701
10000 6540 .053937273
10000 6560 .051660363
10000 6580 .054264655
10000 6600 .052712650
10000 6620 .052252739
10000 6640 .046834702
10000 6660 .046174634
10000 6680 .046537807
10000 6700 .044988751
10000 6720 .044071570
10000 6740 .044317578
10000 6760 .051270308
10000 6780 .044145927
10000 6800 .045555657
10000 6820 .044663527
10000 6840 .045192462
10000 6860 .045577794
10000 6880 .045689401
10000 6900 .044770092
10000 6920 .044383274
10000 6940 .045040756
10000 6960 .044748477
10000 6980 .044839342
10000 7000 .044670717
10000 7020 .044636581
10000 7040 .044187344
10000 7060 .045895703
10000 7080 .043877950
10000 7100 .044644338
10000 7120 .046049265
10000 7140 .045835683
10000 7160 .045370393
10000 7180 .047818336
10000 7200 .044277324
10000 7220 .045514842
10000 7240 .045081765
10000 7260 .045659791
10000 7280 .046038978
10000 7300 .045595243
10000 7320 .045986869
10000 7340 .045130168
10000 7360 .046144019
10000 7380 .045909081
10000 7400 .045449788
10000 7420 .045031606
10000 7440 .044664154
10000 7460 .045641220
10000 7480 .044401560
10000 7500 .044593790
10000 7520 .045874591
10000 7540 .047408922
10000 7560 .046226010
10000 7580 .045265821
10000 7600 .047686824
10000 7620 .045546262
10000 7640 .046729078
10000 7660 .044718688
10000 7680 .045147766
10000 7700 .044334073
10000 7720 .045353091
10000 7740 .047223618
10000 7760 .045830315
10000 7780 .045289353
10000 7800 .046797798
10000 7820 .045556790
10000 7840 .046818180
10000 7860 .046951744
10000 7880 .047852486
10000 7900 .049585061
10000 7920 .044134270
10000 7940 .046026602
10000 7960 .047990096
10000 7980 .045016705
10000 8000 .046425936
10000 8020 .045669903
10000 8040 .049900823
10000 8060 .053312654
10000 8080 .050599638
10000 8100 .045046245
10000 8120 .044902142
10000 8140 .046363411
10000 8160 .046133195
10000 8180 .047888431
10000 8200 .045411935
10000 8220 .047430130
10000 8240 .046265125
10000 8260 .046709049
10000 8280 .046443155
10000 8300 .048981448
10000 8320 .055562221
10000 8340 .047507530
10000 8360 .047164919
10000 8380 .045355238
10000 8400 .046417039
10000 8420 .046225440
10000 8440 .046915110
10000 8460 .045006702
10000 8480 .047922527
10000 8500 .047457996
10000 8520 .046261253
10000 8540 .045515603
10000 8560 .046417241
10000 8580 .046839898
10000 8600 .049948479
10000 8620 .049220446
10000 8640 .046649451
10000 8660 .047173370
10000 8680 .048612491
10000 8700 .048549894
10000 8720 .048211350
10000 8740 .047353389
10000 8760 .047796064
10000 8780 .047125481
10000 8800 .052964725
10000 8820 .047020785
10000 8840 .047415687
10000 8860 .045938688
10000 8880 .047609380
10000 8900 .047695365
10000 8920 .048378270
10000 8940 .046633975
10000 8960 .048536513
10000 8980 .052109688
10000 9000 .049067347
10000 9020 .047130148
10000 9040 .047143090
10000 9060 .049204842
10000 9080 .054216759
10000 9100 .047436637
10000 9120 .048461789
10000 9140 .047340436
10000 9160 .047406925
10000 9180 .047351280
10000 9200 .048584350
10000 9220 .046353937
10000 9240 .047982579
10000 9260 .047779303
10000 9280 .048638713
10000 9300 .049312030
10000 9320 .048222210
10000 9340 .048545167
10000 9360 .048594444
10000 9380 .046430418
10000 9400 .049332487
10000 9420 .047390913
10000 9440 .049246503
10000 9460 .048857214
10000 9480 .048211626
10000 9500 .046946191
10000 9520 .047567314
10000 9540 .048486021
10000 9560 .053180690
10000 9580 .056186559
10000 9600 .048616374
10000 9620 .049159209
10000 9640 .046087083
10000 9660 .046919987
10000 9680 .049802747
10000 9700 .054220576
10000 9720 .055469606
10000 9740 .053240245
10000 9760 .055437734
10000 9780 .053345174
10000 9800 .057447733
10000 9820 .055127473
10000 9840 .056923326
10000 9860 .050657789
10000 9880 .048021165
10000 9900 .051101081
10000 9920 .058138269
10000 9940 .049719781
10000 9960 .048227243
10000 9980 .046773580
10000 10000 .049482643
10000 10020 .052288798
10000 10040 .055615060
10000 10060 .054418907
10000 10080 .056266653
10000 10100 .053385145
10000 10120 .056114585
10000 10140 .056534813
10000 10160 .054427734
10000 10180 .056567863
10000 10200 .051467390
10000 10220 .048522157
10000 10240 .050826093
10000 10260 .049630332
10000 10280 .048983111
10000 10300 .048946954
10000 10320 .050131630
10000 10340 .050683299
10000 10360 .049940290
10000 10380 .050642389
10000 10400 .048904051
10000 10420 .047313501
10000 10440 .049000321
10000 10460 .050066112
10000 10480 .058115892
10000 10500 .049861517
10000 10520 .049367282
10000 10540 .049662011
10000 10560 .049449457
10000 10580 .050297838
10000 10600 .054798435
10000 10620 .054378869
10000 10640 .056682952
10000 10660 .053198572
10000 10680 .054073840
10000 10700 .057214488
10000 10720 .055709401
10000 10740 .053092932
10000 10760 .050792346
10000 10780 .051082146
10000 10800 .066369627
10000 10820 .057627139
10000 10840 .048497019
10000 10860 .050668067
10000 10880 .048650923
10000 10900 .047190003
10000 10920 .051908051
10000 10940 .056167107
10000 10960 .055718588
10000 10980 .056027010
10000 11000 .056354967
10000 11020 .066180837
10000 11040 .057715519
10000 11060 .060077904
10000 11080 .050890314
10000 11100 .049968953
10000 11120 .048859497
10000 11140 .049423890
10000 11160 .047710852
10000 11180 .051309008
10000 11200 .052053807
10000 11220 .048065505
10000 11240 .052576438
10000 11260 .050697074
10000 11280 .051153856
10000 11300 .051758917
10000 11320 .049993981
10000 11340 .048652364
10000 11360 .051538981
10000 11380 .048650599
10000 11400 .049318031
10000 11420 .048249728
10000 11440 .050449111
10000 11460 .048544996
10000 11480 .049463126
10000 11500 .052362405
10000 11520 .051514616
10000 11540 .049638149
10000 11560 .053868461
10000 11580 .053920520
10000 11600 .057580052
10000 11620 .050365539
10000 11640 .051299522
10000 11660 .047837339
10000 11680 .049471411
10000 11700 .052831676
10000 11720 .059893982
10000 11740 .049484554
10000 11760 .050168342
10000 11780 .048178607
10000 11800 .054764703
10000 11820 .058129504
10000 11840 .059213338
10000 11860 .058466066
10000 11880 .060839439
10000 11900 .058501618
10000 11920 .059352059
10000 11940 .049973227
10000 11960 .051047245
10000 11980 .051819985
10000 12000 .052088162
10000 12020 .058299247
10000 12040 .060319996
10000 12060 .058425894
10000 12080 .059788226
10000 12100 .064340314
10000 12120 .056819334
10000 12140 .053085510
10000 12160 .053846692
10000 12180 .052224205
10000 12200 .054929461
10000 12220 .057424825
10000 12240 .056530481
10000 12260 .056742683
10000 12280 .058347904
10000 12300 .060110862
10000 12320 .070742191
10000 12340 .055676248
10000 12360 .059022419
10000 12380 .080509717
10000 12400 .058610047
10000 12420 .055823375
10000 12440 .052028093
10000 12460 .049888858
10000 12480 .049480832
10000 12500 .049300362
10000 12520 .050548234
10000 12540 .050007020
10000 12560 .051727555
10000 12580 .049767085
10000 12600 .050450878
10000 12620 .051608378
10000 12640 .051791121
10000 12660 .049726497
10000 12680 .050491281
10000 12700 .056525204
10000 12720 .058413436
10000 12740 .055581713
10000 12760 .054678784
10000 12780 .050744913
10000 12800 .050477305
10000 12820 .055102047
10000 12840 .051753284
10000 12860 .051970078
10000 12880 .052386166
10000 12900 .049701807
10000 12920 .049886012
10000 12940 .056122758
10000 12960 .057281475
10000 12980 .056133803
10000 13000 .056317838
10000 13020 .056645315
10000 13040 .060356747
10000 13060 .051719278
10000 13080 .051776247
10000 13100 .054222889
10000 13120 .050097918
10000 13140 .058994391
10000 13160 .058237434
10000 13180 .057110546
10000 13200 .058791181
10000 13220 .056665809
10000 13240 .063622236
10000 13260 .059761091
10000 13280 .058889606
10000 13300 .052777889
10000 13320 .051357596
10000 13340 .050786255
10000 13360 .049666849
10000 13380 .050846609
10000 13400 .051473139
10000 13420 .053020390
10000 13440 .056221967
10000 13460 .056318687
10000 13480 .051263302
10000 13500 .051794418
10000 13520 .051934788
10000 13540 .052301702
10000 13560 .050622206
10000 13580 .051666448
10000 13600 .051236590
10000 13620 .051151867
10000 13640 .052097433
10000 13660 .053897835
10000 13680 .054090529
10000 13700 .052337935
10000 13720 .053410193
10000 13740 .050525940
10000 13760 .050728320
10000 13780 .053153534
10000 13800 .050361246
10000 13820 .050590298
10000 13840 .051034575
10000 13860 .051733817
10000 13880 .051687034
10000 13900 .051445912
10000 13920 .051048124
10000 13940 .055013874
10000 13960 .052643769
10000 13980 .052053496
10000 14000 .053127995
10000 14020 .052147188
10000 14040 .051300574
10000 14060 .057614468
10000 14080 .069483656
10000 14100 .063439936
10000 14120 .057262837
10000 14140 .053883617
10000 14160 .053922271
10000 14180 .057285931
10000 14200 .058280736
10000 14220 .058808055
10000 14240 .060456627
10000 14260 .059275787
10000 14280 .059161056
10000 14300 .063736272
10000 14320 .060047612
10000 14340 .051787729
10000 14360 .053647198
10000 14380 .052267566
10000 14400 .055528821
10000 14420 .054453913
10000 14440 .054720714
10000 14460 .051644746
10000 14480 .050389493
10000 14500 .054388966
10000 14520 .051254150
10000 14540 .052446849
10000 14560 .053522489
10000 14580 .061888717
10000 14600 .052741290
10000 14620 .053863106
10000 14640 .051357063
10000 14660 .053532395
10000 14680 .057405355
10000 14700 .059959752
10000 14720 .059591236
10000 14740 .059838816
10000 14760 .060046374
10000 14780 .057323904
10000 14800 .059810459
10000 14820 .057964776
10000 14840 .051041156
10000 14860 .054569948
10000 14880 .063239602
10000 14900 .054291389
10000 14920 .051304795
10000 14940 .058964761
10000 14960 .057453660
10000 14980 .058694638
10000 15000 .063296584
10000 15020 .059220115
10000 15040 .060248459
10000 15060 .059077287
10000 15080 .058047286
10000 15100 .057779820
10000 15120 .052945094
10000 15140 .054469347
10000 15160 .060490843
10000 15180 .059987970
10000 15200 .052844987
10000 15220 .056293528
10000 15240 .057880503
10000 15260 .056361355
10000 15280 .054016188
10000 15300 .059374358
10000 15320 .054626597
10000 15340 .059534305
10000 15360 .053445551
10000 15380 .058303887
10000 15400 .058833102
10000 15420 .055741585
10000 15440 .060373932
10000 15460 .056549460
10000 15480 .053055536
10000 15500 .053306724
10000 15520 .056030578
10000 15540 .060565500
10000 15560 .060913301
10000 15580 .058725990
10000 15600 .062825902
10000 15620 .068812371
10000 15640 .060318699
10000 15660 .060485816
10000 15680 .069497295
10000 15700 .061393171
10000 15720 .060355990
10000 15740 .067916336
10000 15760 .069468694
10000 15780 .061395479
10000 15800 .060832152
10000 15820 .061699475
10000 15840 .056198676
10000 15860 .056695941
10000 15880 .061167627
10000 15900 .056346578
10000 15920 .055180565
10000 15940 .052457860
10000 15960 .060277795
10000 15980 .061736188
10000 16000 .057676516
10000 16020 .057667822
10000 16040 .058485130
10000 16060 .057493980
10000 16080 .060897649
10000 16100 .058770700
10000 16120 .055685360
10000 16140 .054177438
10000 16160 .057150494
10000 16180 .056178553
10000 16200 .056014580
10000 16220 .058158794
10000 16240 .058757966
10000 16260 .055974160
10000 16280 .059297504
10000 16300 .052358588
10000 16320 .056810622
10000 16340 .052255959
10000 16360 .063557406
10000 16380 .056858546
10000 16400 .054506680
10000 16420 .055165732
10000 16440 .054616202
10000 16460 .053330372
10000 16480 .051407842
10000 16500 .054406132
10000 16520 .053295870
10000 16540 .056389360
10000 16560 .056492523
10000 16580 .055737150
10000 16600 .060043525
10000 16620 .056727406
10000 16640 .055421439
10000 16660 .058414161
10000 16680 .056852591
10000 16700 .055413608
10000 16720 .057518856
10000 16740 .061311541
10000 16760 .058310117
10000 16780 .053717370
10000 16800 .052791228
10000 16820 .056113183
10000 16840 .055886542
10000 16860 .058215956
10000 16880 .057035650
10000 16900 .054578669
10000 16920 .055937986
10000 16940 .056782575
10000 16960 .056945895
10000 16980 .054258571
10000 17000 .056199318
10000 17020 .058953532
10000 17040 .053410665
10000 17060 .057729699
10000 17080 .054574871
10000 17100 .057589439
10000 17120 .063863310
10000 17140 .056654373
10000 17160 .057108659
10000 17180 .054230128
10000 17200 .055726063
10000 17220 .054673538
10000 17240 .053984608
10000 17260 .056014153
10000 17280 .054098657
10000 17300 .055301674
10000 17320 .056564527
10000 17340 .055383660
10000 17360 .054928906
10000 17380 .056869643
10000 17400 .056622603
10000 17420 .057443571
10000 17440 .056652151
10000 17460 .058260656
10000 17480 .058911761
10000 17500 .063440269
10000 17520 .059209849
10000 17540 .058545728
10000 17560 .060514480
10000 17580 .056538970
10000 17600 .058018025
10000 17620 .057719580
10000 17640 .055932346
10000 17660 .056560092
10000 17680 .058035547
10000 17700 .060179287
10000 17720 .057861287
10000 17740 .055824115
10000 17760 .059606589
10000 17780 .065721930
10000 17800 .055949038
10000 17820 .058549493
10000 17840 .054696448
10000 17860 .064588434
10000 17880 .067557284
10000 17900 .063587735
10000 17920 .063713718
10000 17940 .066311038
10000 17960 .066267308
10000 17980 .062289738
10000 18000 .057508711
10000 18020 .058047036
10000 18040 .055239093
10000 18060 .054041751
10000 18080 .053937856
10000 18100 .055239145
10000 18120 .064426384
10000 18140 .059214472
10000 18160 .058174927
10000 18180 .056140054
10000 18200 .055542426
10000 18220 .061764615
10000 18240 .056417296
10000 18260 .059137639
10000 18280 .056627538
10000 18300 .059393248
10000 18320 .063260996
10000 18340 .066744660
10000 18360 .064891650
10000 18380 .063336657
10000 18400 .062662270
10000 18420 .061668461
10000 18440 .061169456
10000 18460 .065872446
10000 18480 .064816828
10000 18500 .068073304
10000 18520 .065306115
10000 18540 .063462388
10000 18560 .065141834
10000 18580 .067136612
10000 18600 .058207537
10000 18620 .062300119
10000 18640 .065236560
10000 18660 .063387179
10000 18680 .060281654
10000 18700 .061165526
10000 18720 .059804571
10000 18740 .057207828
10000 18760 .055742427
10000 18780 .057977348
10000 18800 .059372300
10000 18820 .059990910
10000 18840 .056344036
10000 18860 .057379771
10000 18880 .058426271
10000 18900 .056288570
10000 18920 .057476741
10000 18940 .055716261
10000 18960 .059613605
10000 18980 .059472508
10000 19000 .054239035
10000 19020 .057815892
10000 19040 .057470656
10000 19060 .063854612
10000 19080 .062996612
10000 19100 .060118816
10000 19120 .058050375
10000 19140 .056743540
10000 19160 .061725672
10000 19180 .063463826
10000 19200 .059658740
10000 19220 .058531307
10000 19240 .090021590
10000 19260 .057668996
10000 19280 .057877711
10000 19300 .055376598
10000 19320 .060000580
10000 19340 .063003233
10000 19360 .069531469
10000 19380 .068739076
10000 19400 .068423477
10000 19420 .067088576
10000 19440 .066351112
10000 19460 .060523817
10000 19480 .058361260
10000 19500 .057767921
10000 19520 .060906134
10000 19540 .058333082
10000 19560 .058628323
10000 19580 .060884837
10000 19600 .056420257
10000 19620 .060988131
10000 19640 .060996795
10000 19660 .060136218
10000 19680 .066953076
10000 19700 .059148817
10000 19720 .056903620
10000 19740 .058769247
10000 19760 .065680308
10000 19780 .066223299
10000 19800 .059901925
10000 19820 .058957350
10000 19840 .060924687
10000 19860 .068714254
10000 19880 .063694981
10000 19900 .065856432
10000 19920 .063996196
10000 19940 .067260031
10000 19960 .064389438
10000 19980 .059113301
10000 20000 .058317470
10000 20020 .056396425
10000 20040 .059581996
10000 20060 .059865256
10000 20080 .055798249
10000 20100 .059099007
10000 20120 .057958373
10000 20140 .058457214
10000 20160 .056579602
10000 20180 .059997120
10000 20200 .061972427
10000 20220 .059730527
10000 20240 .058885387
10000 20260 .058546599
10000 20280 .066936761
10000 20300 .059863856
10000 20320 .060623345
10000 20340 .058813046
10000 20360 .058560229
10000 20380 .065038443
10000 20400 .057627928
10000 20420 .056936141
10000 20440 .057904566
10000 20460 .066736457
10000 20480 .069570362
10000 20500 .064931360
10000 20520 .073173999
10000 20540 .068517981
10000 20560 .067216685
10000 20580 .066867350
10000 20600 .063624347
10000 20620 .060861073
10000 20640 .063528486
10000 20660 .057404534
10000 20680 .056011093
10000 20700 .061254831
10000 20720 .058108558
10000 20740 .058729772
10000 20760 .058484471
10000 20780 .065454569
10000 20800 .064130493
10000 20820 .063511537
10000 20840 .061653845
10000 20860 .064961958
10000 20880 .062242006
10000 20900 .068839866
10000 20920 .066912992
10000 20940 .068288184
10000 20960 .066842627
10000 20980 .067031872
